33,37
33,275
33,6
33,274
33,273
33,272
34,389
34,388
34,387
34,386
34,63
34,343
34,57
34,342
34,128
34,241
0,572
0,555
0,553
0,447
35,107
0,440
33,271
33,270
0,437
0,436
0,434
0,432
33,269
0,427
0,426
0,431
33,268
33,267
0,425
33,266
33,265
33,264
33,263
33,262
33,261
33,260
33,259
33,258
33,257
0,424
33,320
33,256
0,420
34,448
35,106
0,418
0,416
33,126
33,125
0,415
33,192
33,128
0,414
0,410
0,409
0,408
0,406
0,404
0,396
0,395
0,394
0,393
0,391
0,386
0,319
0,315
0,314
0,313
0,312
0,308
34,341
0,302
0,471
33,124
33,123
0,470
33,122
33,121
0,468
35,130
33,120
33,119
33,118
33,117
33,116
33,115
33,114
33,113
33,112
33,111
33,110
33,109
33,108
33,107
33,106
33,105
33,104
33,103
33,102
33,101
33,100
33,99
33,98
33,97
33,96
33,95
33,94
33,93
33,92
33,91
33,90
0,467
33,89
69,38
69,37
33,88
69,36
69,35
34,248
34,247
34,246
34,245
34,244
34,243
34,242
34,240
34,239
34,238
34,237
34,236
34,235
34,234
34,233
34,232
34,231
34,230
34,229
34,228
34,227
34,226
34,225
34,224
34,223
34,222
34,221
34,220
34,219
34,218
34,217
34,216
34,215
34,214
34,213
34,212
34,211
34,210
34,209
34,208
34,207
34,206
34,205
34,204
34,203
34,202
34,201
34,200
34,199
34,198
34,197
34,196
34,195
34,194
34,193
34,192
34,165
34,164
34,163
34,162
34,161
34,160
34,159
34,158
34,157
34,156
34,155
34,154
34,153
34,152
34,151
34,150
34,147
34,146
34,145
34,142
34,138
34,137
34,136
34,135
34,134
34,132
34,131
34,130
34,127
34,126
34,125
34,124
34,123
34,122
34,121
34,120
34,119
34,118
34,117
34,116
34,115
34,114
34,113
34,112
34,111
34,110
34,109
34,108
34,107
34,106
34,105
34,104
34,103
34,102
34,101
34,100
34,99
34,98
34,97
34,96
34,95
34,94
34,93
34,92
34,91
34,90
34,89
34,88
34,87
34,86
34,62
34,54
34,50
34,49
34,48
34,45
34,42
34,38
34,35
34,34
34,32
34,28
34,19
34,1
33,87
33,86
33,85
33,84
33,83
33,82
33,81
33,80
33,79
33,78
33,77
33,76
33,75
33,74
33,73
33,72
33,71
33,70
33,69
33,38
33,4
33,1
